1920
101
Mon Dec 03 10:15:41 BRT 2018
4
2.6
2
1411
24.0
1
24.0
1562
2.0
1
2.0
26.0
1920
101
Mon Dec 03 10:23:40 BRT 2018
4
2.6
2
1411
24.0
1
24.0
1562
2.0
1
2.0
26.0
1920
101
Mon Dec 03 10:32:36 BRT 2018
3
2.6
2
1411
24.0
1
24.0
1562
2.0
1
2.0
26.0
1920
101
Mon Dec 03 11:11:24 BRT 2018
4
2.6
6
1411
24.0
1
24.0
1562
2.0
1
2.0
1411
24.0
1
24.0
1562
2.0
1
2.0
1411
24.0
1
24.0
1562
2.0
1
2.0
26.0
1920
101
Mon Dec 03 11:11:24 BRT 2018
4
2.6
6
1411
24.0
1
24.0
1562
2.0
1
2.0
1411
24.0
1
24.0
1562
2.0
1
2.0
1411
24.0
1
24.0
1562
2.0
1
2.0
26.0
1920
101
Mon Dec 03 11:11:24 BRT 2018
3
2.6
6
1411
24.0
1
24.0
1562
2.0
1
2.0
1411
24.0
1
24.0
1562
2.0
1
2.0
1411
24.0
1
24.0
1562
2.0
1
2.0
26.0
1920
101
Mon Dec 03 11:11:49 BRT 2018
3
2.6
2
1411
24.0
1
24.0
1562
2.0
1
2.0
26.0
